-71.438 43.36
-71.437 43.357
-71.436 43.354
-71.435 43.351
-71.437 43.348
-71.439 43.345
-71.442 43.343
-71.444 43.341
-71.445 43.338
-71.448 43.336
-71.45 43.332
-71.452 43.328
-71.451 43.325
-71.449 43.322
-71.449 43.318
-71.448 43.315
-71.447 43.312
-71.447 43.309
-71.446 43.305
-71.445 43.301
-71.446 43.299
-71.45 43.297
-71.455 43.293
-71.458 43.293
-71.461 43.291
-71.465 43.289
-71.466 43.286
-71.47 43.287
-71.474 43.287
-71.477 43.287
-71.482 43.288
-71.487 43.29
-71.493 43.292
-71.499 43.293
-71.504 43.294
-71.509 43.293
-71.512 43.291
-71.517 43.291
-71.521 43.292
-71.527 43.293
-71.532 43.296
-71.533 43.3
-71.534 43.305
-71.534 43.311
-71.536 43.316
-71.539 43.321
-71.545 43.325
-71.551 43.328
-71.555 43.329
-71.56 43.331
-71.564 43.333
-71.564 43.338
-71.561 43.344
-71.558 43.347
-71.555 43.349
-71.552 43.349
-71.548 43.352
-71.545 43.356
-71.542 43.359
-71.54 43.362
-71.537 43.363
-71.533 43.363
-71.529 43.363
-71.523 43.362
-71.52 43.362
-71.515 43.363
-71.513 43.364
-71.509 43.363
-71.505 43.365
-71.502 43.364
-71.498 43.364
-71.494 43.365
-71.491 43.364
-71.49 43.361
-71.49 43.358
-71.489 43.356
-71.486 43.356
-71.482 43.356
-71.479 43.356
-71.476 43.359
-71.472 43.36
-71.468 43.361
-71.465 43.36
-71.466 43.356
-71.466 43.352
-71.466 43.349
-71.466 43.345
-71.467 43.342
-71.463 43.343
-71.459 43.343
-71.456 43.344
-71.456 43.349
-71.454 43.352
-71.45 43.355
-71.448 43.357
-71.445 43.36
-71.442 43.362
-71.439 43.364
